284.73
284.88
285.00
285.13
285.27
285.43
285.57
285.73
285.90
286.08
286.23
286.38
286.50
286.62
286.77
286.90
287.00
287.10
287.23
287.37
287.52
287.70
287.90
288.13
288.40
288.70
289.02
289.40
289.80
290.23
290.70
291.20
291.68
292.13
292.57
292.98
293.30
293.57
293.80
294.00
294.18
294.33
294.48
294.60
294.70
294.80
294.90
295.02
295.23
295.50
295.80
296.13
296.48
296.82
297.20
297.62
298.07
298.50
298.90
299.30
299.70
300.07
300.42
300.77
301.10
301.40
301.73
302.08
302.40
302.70
303.02
303.40
303.77
304.12
304.52
304.98
305.40
305.82
306.30
306.77
307.23
307.70
308.17
308.60
309.00
309.40
309.75
310.00
310.17
310.30
310.37
310.37
310.30
310.20
310.13
310.10
310.13
310.20
310.32
310.50
310.75
311.10
311.50
311.93
312.43
313.00
313.60
314.23
314.85
315.50
316.27
317.07
317.80
318.40
318.93
319.65
320.65
321.61
322.63
323.90
324.99
325.86
327.14
328.68
329.74
330.58
331.75
333.27
334.85
336.52
338.36
339.73
340.79
342.20
343.78
345.28
346.80
348.64
350.74
352.49
353.86
355.02
355.89
356.78
358.13
359.84
361.46
363.15
365.32
367.35
368.87
370.47
372.52
374.76
376.81
378.81
380.94
382.68
384.78
386.29
388.57
390.45
392.46
395.19
397.12
399.41
402.86
405.00
