 0
-0.05753559
-0.1561803
-0.3320251
-0.1117024
-0.1629414
-0.3847752
-0.4457317
-0.4487998
-0.1439882
-0.5634273
-0.5035666
-0.8187441
-0.3666571
-0.5650725
-0.3700947
-0.3160582
-0.372187
-0.4871888
-0.3524598
-0.3172797
-0.3614501
-0.3173553
-0.4700865
-0.2222106
-0.6642362
-0.4938798
-0.2465193
0.02313048
-0.3455873
-0.3766399
-0.3299029
-0.3530513
-0.4450476
-0.5639077
-0.5133821
-0.4548583
-0.5386779
-0.5190585
-0.231361
-0.4799205
-0.4888119
-0.6021293
-0.6721892
-0.4842462
-0.6312106
-0.399526
-0.3512976
-0.5003703
-0.4592585
-0.2877757
-0.3173651
-0.586363
-0.7408093
-0.7139318
-0.5321808
-0.4156767
-0.6207739
-0.6858412
-0.6252387
-0.5571084
-0.6305473
-0.5486768
-0.5602708
-0.3439017
-0.2193429
-0.5245416
-0.5607713
-0.4468062
-0.4362708
-0.3736708
-0.218275
-0.3708504
-0.3458003
-0.3517808
-0.2727032
-0.1311827
-0.264571
-0.2614717
-0.4420252
-0.1829871
-0.109353
-0.2143988
-0.3506364
-0.1386373
-0.2316585
-0.2022831
-0.07181191
-0.017453
-0.07682364
-0.07730302
-0.04586834
-0.02767932
-0.004972793
0.1248927
-0.0614586
-0.1492396
-0.08035326
-0.07418842
-0.09338579
-0.2086535
-0.08906808
-0.02524741
0.08824
-0.1571628
-0.2084851
-0.3256907
-0.01654987
0.05858828
0.02671423
-0.05236915
0.03630102
0.02959369
0.09036741
-0.1921607
-0.1349579
-0.03872168
-0.03639875
-0.09281559
0.04028463
-0.003174037
-0.1490764
-0.04647809
0.1339736
-0.1599693
-0.0848673
-0.1769483
0.1308798
0.02941194
0.1514969
0.204531
0.2853436
0.1418212
0.3622046
0.1363173
0.1027781
0.2330418
0.4058432
0.4281907
0.3468902
0.554222
0.5146099
0.334057
0.3963715
0.4986485
0.658861
0.4646941
0.7072955
0.9254193
0.6946699
0.6841109
0.8346211
0.9027711
0.9382335
0.9005696
1.02326
1.005411
1.016211
0.9034253
1.005082
1.082906
0.9661992
1.056396
1.108155
1.229879
1.445877
1.460483
1.367334
