285.0622
285.99
285.9318
285.7217
286.298
286.3377
286.042
286.0669
286.2061
286.9567
286.269
286.5316
286.049
287.0863
286.836
287.3676
287.6195
287.6535
287.5729
287.9869
288.2179
288.2992
288.5609
288.438
289.1108
288.4219
288.9489
289.6292
290.3571
289.8242
289.9666
290.2645
290.4292
290.4612
290.4438
290.7638
291.0994
291.1584
291.428
292.2305
291.9808
292.2143
292.2422
292.3578
292.9883
292.9619
293.6901
294.0595
294.0456
294.4161
295.0557
295.3056
295.0886
295.11
295.4941
296.1941
296.7754
296.7339
296.965
297.4541
297.9579
298.1848
298.7252
299.0892
299.8853
300.4955
300.2627
300.5749
301.1809
301.5579
302.0692
302.7464
302.8253
303.2807
303.6743
304.2421
304.9337
305.0962
305.5318
305.6173
306.568
307.1375
307.34
307.4937
308.3566
308.6283
309.1652
309.919
310.5088
310.884
311.3999
311.9901
312.5538
313.1339
313.9232
314.0426
314.3709
315.0357
315.5885
316.0765
316.4266
317.2778
318.0271
318.8879
319.0449
319.6244
320.1037
321.452
322.3513
323.0638
323.6791
324.6188
325.3815
326.2931
326.5423
327.4855
328.5278
329.3962
330.1808
331.3825
332.2749
332.9857
334.2147
335.6366
336.1093
337.3059
338.2152
339.9441
340.8619
342.2708
343.5403
344.838
345.6818
347.2542
347.9778
349.1161
350.6188
352.239
353.6018
354.7857
356.5449
357.8265
358.8204
360.2968
361.869
363.5787
364.6042
366.6069
368.4635
369.4163
370.8618
372.632
374.2856
375.951
377.5275
379.4533
381.1593
382.919
384.4927
386.5569
388.6229
390.3558
392.5736
394.7184
397.0288
399.5296
401.5807
403.4572
