 0
-0.04808068
-0.1465966
-0.3240328
-0.09947291
-0.1500827
-0.3741097
-0.4350483
-0.4370598
-0.1265
-0.5506883
-0.4892185
-0.8079122
-0.3482671
-0.5479827
-0.3491102
-0.2928778
-0.3485878
-0.4641676
-0.3263715
-0.2892218
-0.3326365
-0.2865244
-0.440023
-0.1871724
-0.6339731
-0.4600431
-0.2073196
0.06816041
-0.3040922
-0.3343603
-0.2853394
-0.3070899
-0.3987452
-0.5177099
-0.4648136
-0.4036172
-0.4867999
-0.4651356
-0.1713442
-0.4212918
-0.4285707
-0.5415584
-0.6107404
-0.4180799
-0.564885
-0.327834
-0.2764882
-0.4254365
-0.3816012
-0.2052303
-0.2326309
-0.5030581
-0.6574577
-0.627767
-0.4407011
-0.3195744
-0.5246371
-0.5880286
-0.5237514
-0.4517005
-0.5232133
-0.4372999
-0.4459731
-0.2236623
-0.09428807
-0.4008124
-0.4349061
-0.3164421
-0.3028842
-0.2364183
-0.07591965
-0.2275669
-0.1992189
-0.2021677
-0.118851
0.02786219
-0.1040099
-0.09773602
-0.2774598
-0.01168029
0.0664318
-0.03688363
-0.1719266
0.04618655
-0.04450512
-0.01123188
0.1247515
0.1835873
0.1271237
0.1304089
0.1661771
0.1885481
0.2155304
0.3511005
0.1659612
0.08050382
0.1540903
0.1643464
0.1487486
0.03610313
0.1616365
0.2309312
0.350594
0.1066671
0.05933531
-0.05438182
0.264014
0.3457759
0.3190794
0.2444217
0.3396031
0.3383641
0.4054968
0.125028
0.1885446
0.2920122
0.3004681
0.2495499
0.39079
0.3536245
0.2127053
0.3235129
0.5135853
0.2232757
0.3062097
0.2203937
0.5395268
0.4445485
0.5758591
0.6373922
0.726796
0.5890346
0.8194705
0.5986599
0.5724065
0.7122944
0.895533
0.9267629
0.853136
1.071488
1.0402
0.8660622
0.937517
1.049627
1.220474
1.032942
1.287605
1.517205
1.292628
1.290741
1.451898
1.530091
1.57558
1.547397
1.681453
1.673795
1.694966
1.591486
1.705045
1.794866
1.688281
1.791071
1.855099
1.989887
2.219928
2.246161
2.16353
