285
285.9683
285.9551
285.7444
286.311
286.3769
286.0842
286.0956
286.2353
286.9924
286.3396
286.5721
286.1003
287.1158
286.9124
287.4346
287.7106
287.7573
287.6788
288.0893
288.3392
288.4319
288.6979
288.5872
289.2549
288.5966
289.0934
289.7965
290.5567
290.0584
290.1781
290.4814
290.66
290.7002
290.6846
291.0039
291.354
291.429
291.702
292.5168
292.3042
292.528
292.5661
292.6834
293.3192
293.3216
294.0498
294.4521
294.4563
294.8271
295.4833
295.7626
295.5582
295.5704
295.9551
296.6723
297.2857
297.2715
297.502
298.0014
298.5275
298.7776
299.3292
299.7176
300.5309
301.177
300.9727
301.2759
301.8952
302.2994
302.8285
303.5288
303.6384
304.0986
304.5122
305.098
305.8151
306.0087
306.4526
306.5574
307.5126
308.1234
308.3521
308.5156
309.3856
309.6946
310.2448
311.022
311.6451
312.0467
312.5797
313.1925
313.7822
314.3873
315.202
315.3557
315.6905
316.3694
316.9507
317.463
317.8344
318.7011
319.4865
320.3799
320.5739
321.1615
321.665
323.0341
323.9897
324.7414
325.3874
326.3534
327.1554
328.0994
328.3869
329.3417
330.4225
331.3343
332.1554
333.3899
334.3315
335.0797
336.3382
337.8098
338.3404
339.5578
340.5146
342.2809
343.2672
344.7143
346.0395
347.388
348.2834
349.8898
350.6745
351.8425
353.3893
355.0676
356.4931
357.7302
359.5352
360.8835
361.9271
363.4417
365.0692
366.8382
367.9278
369.9697
371.8997
372.9214
374.4033
376.226
377.9439
379.6697
381.3066
383.2895
385.0641
386.8851
388.5213
390.6414
392.7795
394.5848
396.8633
399.0844
401.4688
404.0485
406.1844
408.1309
