285
285.96
285.9167
285.7059
286.279
286.3275
286.0325
286.0528
286.1924
286.9451
286.269
286.5212
286.0425
287.0724
286.838
287.3661
287.626
287.664
287.584
287.9968
288.2341
288.319
288.582
288.4632
289.1342
288.4555
288.9721
289.6603
290.3988
289.877
290.0116
290.3115
290.4807
290.5154
290.4985
290.8182
291.1587
291.2228
291.4934
292.3
292.0626
292.2924
292.3238
292.4399
293.0721
293.0553
293.7832
294.1636
294.1554
294.5258
295.1709
295.4305
295.2173
295.2355
295.62
296.3257
296.9175
296.8848
297.1154
297.608
298.1192
298.3535
298.8975
299.2695
300.0711
300.6931
300.4695
300.7784
301.3889
301.7748
302.2919
302.9766
303.0655
303.5222
303.9224
304.4961
305.196
305.3686
305.8067
305.8986
306.8506
307.4338
307.6447
307.8014
308.6666
308.9507
309.4916
310.2531
310.8538
311.2375
311.7589
312.3564
312.9287
313.5169
314.3144
314.445
314.7752
315.4447
316.0068
316.5027
316.8597
317.7159
318.4771
319.3484
319.5175
320.0994
320.5867
321.9418
322.8597
323.5848
324.21
325.1582
325.9338
326.8559
327.1176
328.0644
329.1194
330.002
330.7984
332.0108
332.9193
333.6422
334.8807
336.319
336.8107
338.0137
338.9387
340.6797
341.6202
343.0413
344.3291
345.6433
346.504
348.0873
348.8311
349.9789
351.4961
353.1354
354.5187
355.7199
357.494
358.7976
359.8076
361.2963
362.8868
364.616
365.6624
367.6778
369.5587
370.534
371.9911
373.7787
375.4534
377.1386
378.7348
380.6794
382.4079
384.1876
385.7818
387.8643
389.9541
391.7108
393.9484
396.1183
398.453
400.9798
403.0588
404.9582
