-0.4604727
-0.06682873
-0.1654852
-0.3397263
-0.1236653
-0.1754701
-0.3950945
-0.4561025
-0.4602308
-0.1611518
-0.5757502
-0.5175643
-0.8292078
-0.3847315
-0.5817348
-0.3906618
-0.3387635
-0.3952714
-0.5096864
-0.3780329
-0.3447773
-0.3896695
-0.3475778
-0.4995098
-0.2566195
-0.6937919
-0.5270772
-0.2850342
-0.02112892
-0.3862148
-0.4180981
-0.3736384
-0.3981498
-0.4904638
-0.609211
-0.5610588
-0.5051723
-0.5895861
-0.5719988
-0.2903661
-0.5374417
-0.5479596
-0.6615855
-0.7325153
-0.5492793
-0.6963318
-0.4700076
-0.4248172
-0.5739602
-0.5355679
-0.3689356
-0.4006387
-0.6681671
-0.8226784
-0.7986171
-0.6221439
-0.5101827
-0.7152393
-0.7819771
-0.725027
-0.6607641
-0.7360688
-0.6582105
-0.6726666
-0.4621964
-0.3423654
-0.6461608
-0.6845419
-0.5750508
-0.5674728
-0.5086927
-0.3583446
-0.5117708
-0.4900019
-0.4989692
-0.4240872
-0.2877005
-0.4225285
-0.4225787
-0.6039152
-0.3516119
-0.2823643
-0.3890718
-0.5264745
-0.3205777
-0.4158443
-0.3903318
-0.2653233
-0.2153643
-0.2775767
-0.2817818
-0.2546306
-0.2405657
-0.222077
-0.0978618
-0.2853431
-0.3754278
-0.3112158
-0.3090817
-0.3318217
-0.4496626
-0.3359956
-0.2775748
-0.1701918
-0.4169831
-0.4722754
-0.5929209
-0.2930015
-0.2243704
-0.2613332
-0.3447746
-0.2625643
-0.2746595
-0.2201791
-0.5046809
-0.4537714
-0.3646966
-0.3684185
-0.4302574
-0.3052387
-0.3548932
-0.5056999
-0.4112591
-0.2403414
-0.5377945
-0.4704874
-0.5687461
-0.2721647
-0.3799901
-0.2670628
-0.2224287
-0.1501155
-0.2992995
-0.08891805
-0.3197668
-0.3605399
-0.2398349
-0.07737824
-0.06380421
-0.1526858
0.04369377
-0.00413011
-0.1910099
-0.1377808
-0.04525553
0.1044105
-0.0962799
0.1343066
0.3410598
0.1042598
0.08507901
0.2250103
0.2832092
0.3087301
0.2616736
0.3730687
0.3451278
0.3456391
0.2236358
0.313453
0.3793719
0.2526448
0.3303151
0.3699016
0.4786477
0.6806933
0.6837797
0.5802017
