0.07811914
0.4647312
0.366515
0.1938645
0.4055646
0.3534596
0.1360719
0.07487604
0.06969436
0.3631053
-0.0463003
0.009900849
-0.2980942
0.1385477
-0.05656748
0.1304981
0.1804998
0.1237369
0.009928487
0.1384681
0.1699883
0.1244861
0.1646143
0.01360371
0.2514521
-0.1805571
-0.01779286
0.2191607
0.4776333
0.1165236
0.08357654
0.1258144
0.1000756
0.007522705
-0.1110948
-0.06532573
-0.01193556
-0.096788
-0.0812039
0.1944781
-0.05074827
-0.06299552
-0.1768283
-0.2486144
-0.07004026
-0.2168979
0.004054165
0.04652345
-0.1025169
-0.06685004
0.09508642
0.06155108
-0.2043863
-0.3590544
-0.3378088
-0.1664559
-0.05873786
-0.2634915
-0.3319142
-0.2785258
-0.2179256
-0.2948771
-0.2209376
-0.2380294
-0.03331204
0.08212008
-0.2199981
-0.2606281
-0.155496
-0.1506249
-0.09551176
0.04999024
-0.104
-0.08548328
-0.09725723
-0.02641781
0.1050548
-0.03092602
-0.03406359
-0.216006
0.02957527
0.09480665
-0.01332722
-0.1518117
0.04802017
-0.04915255
-0.02740167
0.09233686
0.1381811
0.07335527
0.06556165
0.08861545
0.0987731
0.1132488
0.232016
0.04371189
-0.04863441
0.01100591
0.009345676
-0.01673773
-0.1369745
-0.02912145
0.02419456
0.1257277
-0.1221288
-0.1813484
-0.305237
-0.01441424
0.04817124
0.006429878
-0.08112953
-0.005192577
-0.02236666
0.02605936
-0.260095
-0.2154278
-0.1332299
-0.1426648
-0.2096524
-0.0924961
-0.1479704
-0.3034019
-0.2169337
-0.05520352
-0.3557027
-0.2960867
-0.4001711
-0.1146247
-0.2282854
-0.1242847
-0.08766263
-0.02350862
-0.1779822
0.02257822
-0.2127762
-0.2606172
-0.1492072
0.003271996
0.008489641
-0.0876259
0.09804966
0.04246028
-0.1504225
-0.1060791
-0.0229771
0.1164879
-0.09029804
0.1284339
0.3242549
0.08186583
0.05423385
0.1838595
0.2324764
0.2483891
0.1922766
0.2926601
0.2550113
0.2455543
0.1146753
0.1929052
0.2472883
0.1109322
0.176342
0.2041374
0.300253
0.4887098
0.4807148
0.3670473
