9.96921e+36
9.96921e+36
9.96921e+36
9.96921e+36
9.96921e+36
9.96921e+36
9.96921e+36
9.96921e+36
9.96921e+36
9.96921e+36
9.96921e+36
9.96921e+36
9.96921e+36
9.96921e+36
280.6841
280.6908
280.6941
280.693
280.6864
280.674
280.6557
280.6317
280.6025
280.5694
280.5336
280.4969
280.4615
280.429
280.4007
280.3777
280.3602
280.3485
280.3421
280.3403
280.3419
280.3452
280.3484
280.3498
280.3482
280.3428
280.3334
280.32
280.3031
280.2837
280.2631
280.2431
280.2258
280.213
280.2059
280.2053
280.2114
280.224
280.2424
280.2654
280.2914
280.3181
280.3429
280.3637
280.379
280.3879
280.39
280.3855
280.3752
280.3606
280.3437
280.327
280.3137
280.3064
280.3073
280.3179
280.3393
280.372
280.4161
280.4711
280.5361
280.6094
280.6892
280.7737
280.8611
280.9499
281.0388
281.1266
281.2122
281.2945
281.3727
281.4461
281.5138
281.5753
281.63
281.6774
281.7171
281.7487
281.772
281.7866
281.7923
281.7889
281.7764
281.7548
281.7241
281.6846
281.6367
281.5808
281.5176
281.4479
281.3725
281.2925
281.2091
281.1234
281.0364
280.9492
280.8624
280.777
280.6936
280.613
280.5357
280.4624
280.3936
280.3298
280.2719
280.2204
280.1761
280.14
280.1129
280.0959
280.0901
280.0968
280.1172
280.1521
280.2018
280.2661
280.344
280.4342
280.5347
280.6429
280.7555
280.8689
280.9786
281.081
281.1733
281.2535
281.3204
281.3736
281.4135
281.4411
281.4586
281.4686
281.4745
281.4791
281.4846
281.4923
281.5029
281.5163
281.5317
281.5478
281.5623
281.5724
281.5744
281.5656
281.5441
281.5087
281.459
281.3955
281.3197
281.2336
281.1402
281.0435
280.9481
280.8579
280.776
280.7048
280.6459
280.6001
280.5675
280.5475
280.5386
280.5386
280.5447
280.5546
280.5662
280.5781
280.5891
280.5987
280.6067
280.6134
280.6195
280.6262
280.6349
280.647
280.6634
280.6848
280.7116
280.744
280.7817
280.8244
280.8712
280.9213
280.9731
281.0257
281.0779
281.129
281.1781
281.2248
281.2685
281.3089
281.3458
281.3791
281.4089
281.4351
281.4579
281.4774
281.4937
281.507
281.5174
281.5251
281.5305
281.5339
281.5355
281.5356
281.5345
281.5326
281.5299
281.5267
281.5233
281.5197
281.5162
281.5129
281.5099
281.5075
281.506
281.506
281.5079
281.5125
281.5207
281.5333
281.5514
281.5764
281.6096
281.6519
281.7041
281.7663
281.8382
281.9193
282.0086
282.1046
282.2054
282.3087
282.4119
282.5127
282.6091
282.6997
282.7837
282.8603
282.9295
282.9915
283.0469
283.0969
283.1429
283.186
283.2271
283.267
283.3058
283.3436
283.3802
283.415
283.4471
283.4755
283.4986
283.5155
283.5251
283.5269
283.5206
283.506
283.4832
283.4529
283.4155
283.3722
283.3241
283.2725
283.2187
283.1641
283.1101
283.0582
283.01
282.9671
282.9313
282.9047
282.8891
282.886
282.8965
282.9208
282.9587
283.0096
283.0721
283.1443
283.2236
283.3069
283.3907
283.472
283.5484
283.6184
283.6814
283.737
283.786
283.8298
283.8702
283.9102
283.9531
284.0015
284.0575
284.1222
284.1958
284.2781
284.3678
284.4629
284.5606
284.6573
284.7487
284.8314
284.9027
284.9611
285.006
285.0376
285.0571
285.0667
285.0694
285.0694
285.0714
285.0796
285.097
285.1257
285.1669
285.2206
285.2862
285.3618
285.4448
285.5315
285.6174
285.6986
285.7722
285.8358
285.888
285.9282
285.9563
285.9731
285.9804
285.9804
285.9761
285.9701
285.9645
285.9608
285.9602
285.9631
285.9698
285.9797
285.992
286.0053
286.0179
286.0282
286.0349
286.0369
286.0335
286.0242
286.0087
285.9869
285.9591
285.9258
285.8876
285.8453
285.7999
285.7523
285.7036
285.655
285.6078
285.5636
285.5239
285.4905
285.4654
285.45
285.445
285.4507
285.4669
285.4926
285.5264
285.5662
285.6095
285.6528
285.6925
285.7256
285.7498
285.7638
285.7672
285.7604
285.7446
285.7219
285.6952
285.6686
285.6464
285.6323
285.6291
285.6382
285.6602
285.6944
285.7394
285.7924
285.8497
285.9063
285.9567
285.9962
286.0212
286.0296
286.0205
285.9943
285.9525
285.8978
285.8345
285.7678
285.7042
285.649
285.6065
285.5795
285.5698
285.5779
285.603
285.6432
285.6956
285.7556
285.818
285.878
285.9319
285.9768
286.0103
286.0313
286.0392
286.0343
286.0175
285.9909
285.9568
285.9174
285.8748
285.8306
285.7858
285.7414
285.698
285.6559
285.615
285.575
285.5353
285.4954
285.455
285.4136
285.3713
285.328
285.2838
285.239
285.1938
285.1488
285.1046
285.0616
285.0203
284.9811
284.9443
284.91
284.8784
284.8496
284.8235
284.8002
284.7794
284.761
284.7446
284.7297
284.7159
284.7026
284.6891
284.6743
284.6576
284.6376
284.6132
284.5835
284.548
284.5063
284.4586
284.4054
284.3471
284.2851
284.2207
284.1557
284.0922
284.032
283.9766
283.9273
283.8851
283.8507
283.8246
283.807
283.7978
283.7966
283.8031
283.8166
283.8365
283.8622
283.8928
283.9278
283.9662
284.0073
284.05
284.0933
284.1362
284.1777
284.2169
284.2535
284.2868
284.3167
284.3431
284.3659
284.3855
284.4022
284.4164
284.4287
284.4392
284.4483
284.456
284.4622
284.4668
284.4695
284.47
284.4678
284.4623
284.4532
284.4404
284.4241
284.4049
284.3834
284.3608
284.3384
284.3179
284.3012
284.2906
284.2878
284.2941
284.31
284.3357
284.3708
284.4141
284.4643
284.519
284.5757
284.6311
284.6826
284.7279
284.7655
284.7945
284.8144
284.8253
284.8278
284.8232
284.8131
284.8
284.7856
284.7715
284.7591
284.7491
284.742
284.7381
284.7372
284.7389
284.7422
284.7462
284.7497
284.752
284.7524
284.7505
284.7457
284.7379
284.7271
284.7133
284.6966
284.6775
284.6562
284.6331
284.6087
284.5833
284.5573
284.5312
284.5056
284.4808
284.4574
284.4362
284.4174
284.4015
284.3889
284.3796
284.3737
284.3713
284.3722
284.3761
284.3828
284.3918
284.4026
284.4151
284.4286
284.443
284.4578
284.4728
284.4875
284.5017
284.515
284.5272
284.5379
284.5471
284.5547
284.5609
284.5657
284.5694
284.5725
284.5754
284.5787
284.5832
284.5893
284.5973
284.6075
284.6199
284.6343
284.6502
284.6672
284.6845
284.7012
284.7162
284.7286
284.7379
284.7439
284.7466
284.7462
284.7435
284.7393
284.7347
284.7314
284.731
284.7349
284.744
284.7589
284.7794
284.8053
284.8355
284.8687
284.9032
284.9365
284.9661
284.9895
285.005
285.0111
285.0068
284.9918
284.9658
284.9292
284.8828
284.8278
284.7657
284.698
284.6259
284.5501
284.4715
284.3905
284.3074
284.2223
284.1349
284.0449
283.9518
283.8553
283.7554
283.6525
283.5472
283.4404
283.3333
283.2277
283.1254
283.0287
282.9402
282.8619
282.7952
282.7408
282.6988
282.6685
282.6489
282.6381
282.6334
282.6317
282.6294
282.6232
282.611
282.5914
282.5639
282.5287
282.4869
282.4404
282.392
282.3453
282.3046
282.2735
282.2545
282.2495
282.2591
282.2833
282.3211
282.3706
282.4289
282.4922
282.5561
282.6167
282.6709
282.7166
282.7523
282.7776
282.7926
282.7982
282.7964
282.7897
282.7815
282.7745
282.7711
282.7732
282.782
282.7984
282.8227
282.8547
282.8938
282.9388
282.9882
283.0406
283.0947
283.1497
283.2047
283.2591
283.3126
283.3649
283.4159
283.4659
283.5152
283.564
283.6129
283.6623
283.7128
283.765
283.8195
283.8772
283.9389
284.0056
284.0782
284.1573
284.2431
284.3353
284.4331
284.5354
284.6405
284.7461
284.8497
284.9481
285.0376
285.1154
285.1796
285.2288
285.2627
285.2816
285.2868
285.2805
285.2654
285.2454
285.2249
285.2075
285.1962
285.1927
285.1981
285.2125
285.235
285.264
285.2969
285.3303
285.3599
285.3822
285.3947
285.3959
285.3849
285.3621
285.3284
285.286
285.2379
285.1879
285.1407
285.1001
285.0691
285.0496
285.0426
285.0481
285.0651
285.0919
285.1255
285.1622
285.1974
285.2272
285.249
285.261
285.2626
285.2538
285.2361
285.2118
285.1841
285.1574
285.1369
285.1268
285.13
285.1486
285.183
285.233
285.2967
285.3715
285.4531
285.5365
285.6153
285.6842
285.739
285.7763
285.7943
285.7917
285.7684
285.7256
285.6651
285.5901
285.5044
285.4114
285.3139
285.2137
285.1123
285.0104
284.9081
284.8046
284.6988
284.5888
284.4722
284.3473
284.2127
284.0682
283.914
283.7511
283.5812
283.4066
283.2307
283.0574
282.8911
282.7357
282.594
282.4679
282.3582
282.2651
282.1877
282.1242
282.0717
282.0268
281.9848
281.942
281.8957
281.8436
281.7847
281.7185
281.6457
281.5674
281.486
281.4043
281.3261
281.2543
281.1912
281.1378
281.0948
281.0616
281.037
281.0187
281.0038
280.9883
280.9675
280.9378
280.8965
280.8419
280.7739
280.6927
280.6003
280.4994
280.3939
280.2889
280.1903
280.1031
280.031
279.9766
279.9412
279.925
279.927
279.9449
279.9753
280.0137
280.0543
280.0924
280.1239
280.1458
280.1561
280.1534
280.1374
280.1086
280.0683
280.0188
279.9631
279.9038
279.843
279.7826
279.7239
279.6677
279.6145
279.5645
279.5174
279.4724
279.4285
279.3849
279.3408
279.2956
279.2492
279.2012
279.1519
279.1013
279.0498
278.9982
278.947
278.8971
278.8493
278.8043
278.7628
278.7256
278.6935
278.6674
278.648
278.6364
278.6332
278.6393
278.6546
278.679
278.7118
278.7521
278.7984
278.849
278.9014
278.9531
279.0009
279.0426
279.0763
279.1013
279.1175
279.1254
279.1264
279.1228
279.1174
279.114
279.1171
279.13
279.1554
279.1947
279.2483
279.3157
279.3954
279.4848
279.5802
279.6768
279.7693
279.853
279.9243
279.9809
280.0216
280.0463
280.056
280.0527
280.0397
280.0214
280.0029
279.9887
279.982
279.985
279.9987
280.0231
280.0571
280.0985
280.1439
280.1889
280.2283
280.2576
280.2739
280.2753
280.2612
280.2323
280.1906
280.1389
280.0819
280.0252
279.9756
279.9385
279.9182
279.9175
279.9379
279.9795
280.041
280.1198
280.2119
280.3119
280.4134
280.5107
280.5997
280.6772
280.7413
280.7913
280.8277
280.8521
280.8672
280.8772
280.887
280.9008
280.922
280.9532
280.9959
281.0509
281.1182
281.1968
281.2849
281.3799
281.4785
281.5777
281.6752
281.7693
281.8586
281.9427
282.0212
282.0946
282.164
282.2306
282.2965
282.3633
282.4322
282.504
282.5793
282.6582
282.7403
282.8251
282.9116
282.9982
283.0834
283.1658
283.2441
283.3178
283.3863
283.4496
283.508
283.562
283.6125
283.6608
283.7085
283.7569
283.8071
283.8601
283.9165
283.9768
284.0414
284.1101
284.183
284.2597
284.3396
284.4222
284.5069
284.5931
284.6801
284.7673
284.8539
284.9392
285.0223
285.1023
285.1783
285.2495
285.3153
285.3755
285.4298
285.4783
285.5213
285.5593
285.5928
285.6228
285.6503
285.6763
285.7014
285.7265
285.7519
285.778
285.8051
285.8332
285.8624
285.8924
285.923
285.9541
285.9858
286.0183
286.0521
286.0878
286.1261
286.1682
286.2151
286.2685
286.3298
286.4003
286.4811
286.5727
286.6753
286.789
286.9132
287.0473
287.1901
287.3401
287.4956
287.655
287.8172
287.9813
288.1466
288.313
288.4803
288.649
288.8195
288.9928
289.1701
289.3521
289.5395
289.7326
289.9314
290.1356
290.3445
290.5574
290.7729
290.9896
291.2057
291.4197
291.6309
291.8386
292.043
292.2443
292.4437
292.6423
292.8421
293.0454
293.255
293.4729
293.7008
293.9395
294.1893
294.4498
294.7199
294.9982
295.2822
295.5688
295.8547
296.137
296.4136
296.6832
296.9453
297.2003
297.4492
297.6938
297.9369
298.1819
298.4329
298.6934
298.9661
299.2527
299.5543
299.871
300.2023
300.5468
300.9022
301.2655
301.6331
302.002
302.3698
302.735
303.0971
303.4562
303.813
304.1693
304.5274
304.8907
9.96921e+36
9.96921e+36
9.96921e+36
9.96921e+36
9.96921e+36
9.96921e+36
9.96921e+36
9.96921e+36
9.96921e+36
9.96921e+36
9.96921e+36
9.96921e+36
9.96921e+36
9.96921e+36
9.96921e+36
