278.66
278.68
278.69
278.71
278.72
278.73
278.74
278.75
278.76
278.77
278.78
278.79
278.8
278.81
278.82
278.83
278.84
278.85
278.86
278.88
278.89
278.91
278.93
278.95
278.97
279
279.03
279.06
279.09
279.13
279.16
279.2
279.25
279.29
279.34
279.39
279.44
279.5
279.55
279.61
279.67
279.73
279.79
279.86
279.92
279.98
280.05
280.11
280.17
280.23
280.29
280.35
280.41
280.47
280.53
280.58
280.63
280.68
280.73
280.77
280.82
280.85
280.89
280.92
280.95
280.98
281.01
281.04
281.06
281.08
281.1
281.12
281.14
281.16
281.18
281.2
281.21
281.23
281.25
281.27
281.28
281.3
281.32
281.34
281.36
281.38
281.4
281.42
281.45
281.47
281.5
281.52
281.55
281.57
281.6
281.63
281.66
281.69
281.72
281.76
281.79
281.82
281.86
281.89
281.92
281.96
281.99
282.02
282.05
282.08
282.11
282.14
282.17
282.19
282.22
282.24
282.27
282.29
282.31
282.33
282.35
282.37
282.39
282.41
282.43
282.45
282.47
282.48
282.5
282.52
282.53
282.55
282.56
282.58
282.59
282.6
282.61
282.62
282.62
282.62
282.63
282.63
282.63
282.62
282.62
282.62
282.61
282.6
282.59
282.58
282.57
282.55
282.54
282.52
282.51
282.49
282.47
282.45
282.42
282.4
282.38
282.35
282.32
282.3
282.27
282.24
282.21
282.19
282.16
282.14
282.12
282.1
282.08
282.07
282.06
282.05
282.04
282.04
282.03
282.03
282.03
282.03
282.03
282.02
282.02
282.02
282.01
282
282
281.99
281.98
281.96
281.95
281.94
281.92
281.91
281.89
281.87
281.86
281.85
281.83
281.82
281.81
281.8
281.79
281.78
281.77
281.76
281.75
281.74
281.73
281.72
281.71
281.7
281.69
281.68
281.67
281.66
281.65
281.64
281.64
281.63
281.63
281.62
281.62
281.63
281.63
281.63
281.64
281.65
281.65
281.66
281.67
281.68
281.69
281.7
281.71
281.71
281.72
281.73
281.74
281.74
281.75
281.75
281.75
281.76
281.76
281.75
281.75
281.75
281.74
281.73
281.73
281.72
281.71
281.69
281.68
281.66
281.65
281.63
281.61
281.59
281.57
281.55
281.52
281.5
281.47
281.45
281.42
281.4
281.37
281.35
281.32
281.29
281.27
281.24
281.22
281.2
281.17
281.15
281.13
281.11
281.09
281.07
281.05
281.04
281.02
281.01
280.99
280.98
280.97
280.96
280.95
280.94
280.93
280.92
280.91
280.9
280.9
280.89
280.88
280.87
280.86
280.85
280.84
280.84
280.83
280.83
280.82
280.82
280.82
280.82
280.83
280.84
280.85
280.87
280.89
280.91
280.93
280.95
280.98
281
281.03
281.05
281.08
281.1
281.13
281.15
281.17
281.18
281.2
281.21
281.22
281.22
281.22
281.22
281.22
281.21
281.2
281.19
281.17
281.15
281.13
281.11
281.08
281.06
281.03
281
280.97
280.95
280.92
280.89
280.86
280.83
280.81
280.78
280.75
280.73
280.71
280.68
280.66
280.64
280.62
280.6
280.58
280.56
280.54
280.53
280.51
280.49
280.48
280.46
280.45
280.43
280.42
280.41
280.39
280.38
280.37
280.36
280.35
280.34
280.33
280.32
280.31
280.3
280.29
280.29
280.28
280.28
280.27
280.27
280.27
280.26
280.26
280.26
280.25
280.25
280.25
280.25
280.25
280.25
280.25
280.25
280.25
280.25
280.25
280.25
280.25
280.25
280.26
280.26
280.27
280.27
280.28
280.29
280.29
280.3
280.31
280.32
280.33
280.33
280.34
280.35
280.36
280.36
280.37
280.37
280.38
280.38
280.38
280.38
280.38
280.38
280.37
280.36
280.35
280.33
280.31
280.29
280.27
280.24
280.21
280.18
280.15
280.12
280.09
280.06
280.02
279.99
279.96
279.93
279.9
279.87
279.84
279.82
279.79
279.76
279.74
279.71
279.69
279.67
279.65
279.64
279.62
279.61
279.6
279.6
279.59
279.59
279.59
279.6
279.61
279.62
279.63
279.65
279.67
279.69
279.72
279.75
279.78
279.82
279.86
279.9
279.94
279.99
280.04
280.08
280.14
280.19
280.24
280.29
280.34
280.39
280.45
280.5
280.55
280.59
280.64
280.68
280.72
280.76
280.8
280.84
280.87
280.9
280.93
280.95
280.98
281
281.02
281.04
281.06
281.08
281.09
281.11
281.12
281.14
281.15
281.17
281.18
281.2
281.21
281.23
281.24
281.26
281.27
281.29
281.31
281.32
281.33
281.34
281.35
281.36
281.36
281.36
281.36
281.36
281.36
281.35
281.34
281.33
281.32
281.3
281.28
281.26
281.24
281.22
281.2
281.17
281.14
281.11
281.08
281.05
281.01
280.98
280.94
280.9
280.85
280.81
280.76
280.71
280.66
280.61
280.55
280.49
280.43
280.37
280.31
280.24
280.18
280.11
280.04
279.98
279.91
279.83
279.76
279.69
279.61
279.53
279.45
279.36
279.28
279.19
279.09
279
278.9
278.8
278.69
278.58
278.47
278.36
278.24
278.12
278
277.88
277.76
277.65
277.53
277.42
277.31
277.2
277.1
277.01
276.92
276.84
276.77
276.7
276.64
276.59
276.55
276.51
276.48
276.46
276.45
276.45
276.45
276.45
276.46
276.48
276.49
276.52
276.54
276.57
276.61
276.64
276.68
276.72
276.76
276.8
276.85
276.89
276.94
276.98
277.03
277.07
277.11
277.14
277.18
277.21
277.24
277.27
277.3
277.32
277.34
277.36
277.38
277.39
277.41
277.41
277.42
277.42
277.42
277.42
277.41
277.41
277.4
277.38
277.37
277.35
277.34
277.32
277.3
277.27
277.25
277.23
277.2
277.18
277.15
277.12
277.1
277.07
277.04
277.02
276.99
276.97
276.95
276.93
276.91
276.89
276.87
276.86
276.84
276.83
276.82
276.81
276.8
276.79
276.79
276.78
276.78
276.77
276.77
276.77
276.77
276.77
276.77
276.77
276.78
276.79
276.8
276.81
276.83
276.84
276.86
276.88
276.91
276.93
276.96
276.99
277.02
277.05
277.08
277.11
277.14
277.18
277.21
277.24
277.27
277.29
277.32
277.34
277.37
277.39
277.41
277.43
277.44
277.45
277.46
277.47
277.47
277.47
277.46
277.45
277.44
277.43
277.41
277.39
277.37
277.34
277.32
277.29
277.26
277.23
277.2
277.17
277.14
277.11
277.08
277.06
277.03
277.02
277
276.99
276.99
276.99
277
277.02
277.04
277.07
277.1
277.14
277.19
277.24
277.3
277.37
277.44
277.52
277.61
277.7
277.79
277.89
277.99
278.1
278.2
278.32
278.43
278.54
278.66
278.78
278.9
279.01
279.13
279.25
279.36
279.48
279.59
279.7
279.81
279.92
280.02
280.13
280.23
280.33
280.43
280.53
280.62
280.71
280.81
280.9
280.98
281.07
281.15
281.23
281.31
281.39
281.47
281.54
281.62
281.69
281.77
281.85
281.92
282
282.07
282.15
282.23
282.3
282.38
282.46
282.54
282.62
282.7
282.78
282.87
282.96
283.05
283.15
283.24
283.34
283.44
283.55
283.65
283.76
283.87
283.98
284.1
284.22
284.34
284.46
284.58
284.71
284.84
284.96
285.09
285.21
285.33
285.44
285.56
285.66
285.77
285.86
285.96
286.05
286.14
286.23
286.31
286.4
286.49
286.57
286.67
286.76
286.86
286.97
287.08
287.2
287.32
287.45
287.59
287.73
287.88
288.04
288.2
288.37
288.55
288.73
288.93
289.13
289.33
289.55
289.78
290.01
290.26
290.51
290.77
291.05
291.33
291.62
291.92
292.23
292.55
292.87
293.2
293.53
293.87
294.2
294.54
294.88
295.22
295.56
295.9
296.24
296.59
296.93
297.28
297.63
297.98
298.34
298.7
299.06
299.42
299.78
300.15
300.52
300.89
301.27
301.64
302.02
302.4
302.77
303.15
303.53
303.9
304.27
304.64
305.01
305.38
305.74
306.1
306.46
306.81
307.15
307.49
307.82
308.14
308.45
308.75
309.04
309.31
309.57
309.82
310.05
310.26
310.46
310.65
310.84
311.02
311.22
311.42
311.65
311.89
312.16
312.46
312.79
313.15
313.55
313.99
314.45
314.96
315.5
316.08
316.7
317.36
318.06
318.8
319.58
320.4
321.26
322.16
323.11
324.09
325.11
326.17
327.26
328.39
329.56
330.76
331.99
333.26
334.55
335.88
337.23
338.61
340.02
341.45
342.9
344.37
345.86
347.37
348.89
350.43
351.98
353.54
355.12
356.71
358.3
359.91
361.52
363.14
364.77
366.4
