276.7165
276.7727
276.8287
276.8846
276.9401
276.9951
277.0495
277.1032
277.1560
277.2079
277.2588
277.3084
277.3567
277.4036
277.4490
277.4927
277.5346
277.5745
277.6125
277.6483
277.6819
277.7130
277.7417
277.7677
277.7910
277.8115
277.8289
277.8433
277.8544
277.8623
277.8668
277.8681
277.8666
277.8622
277.8553
277.8460
277.8344
277.8208
277.8053
277.7881
277.7694
277.7494
277.7282
277.7060
277.6831
277.6595
277.6355
277.6112
277.5868
277.5626
277.5386
277.5151
277.4922
277.4701
277.4491
277.4292
277.4106
277.3933
277.3774
277.3627
277.3492
277.3369
277.3258
277.3158
277.3069
277.2991
277.2924
277.2866
277.2818
277.2779
277.2750
277.2729
277.2717
277.2712
277.2716
277.2727
277.2746
277.2771
277.2802
277.2840
277.2884
277.2934
277.2988
277.3048
277.3112
277.3181
277.3253
277.3329
277.3409
277.3491
277.3577
277.3664
277.3754
277.3846
277.3939
277.4033
277.4128
277.4223
277.4319
277.4414
277.4509
277.4603
277.4696
277.4788
277.4878
277.4966
277.5054
277.5142
277.5231
277.5323
277.5417
277.5516
277.5619
277.5728
277.5843
277.5966
277.6097
277.6238
277.6388
277.6550
277.6723
277.6909
277.7109
277.7324
277.7554
277.7800
277.8064
277.8346
277.8647
277.8967
277.9309
277.9672
278.0058
278.0468
278.0901
278.1360
278.1845
278.2354
278.2886
278.3439
278.4012
278.4601
278.5207
278.5827
278.6459
278.7102
278.7754
278.8414
278.9078
278.9747
279.0418
279.1089
279.1759
279.2426
279.3088
279.3744
279.4391
279.5029
279.5655
279.6267
279.6865
279.7446
279.8008
279.8550
279.9070
279.9567
280.0038
280.0482
280.0898
280.1285
280.1646
280.1982
280.2294
280.2584
280.2853
280.3102
280.3333
280.3547
280.3747
280.3932
280.4105
280.4266
280.4418
280.4562
280.4699
280.4831
280.4959
280.5084
280.5208
280.5332
280.5458
280.5587
280.5720
280.5859
280.6006
280.6161
280.6327
280.6504
280.6694
280.6898
280.7118
280.7356
280.7612
280.7886
280.8176
280.8481
280.8797
280.9124
280.9458
280.9799
281.0143
281.0489
281.0834
281.1177
281.1516
281.1848
281.2171
281.2484
281.2784
281.3069
281.3337
281.3586
281.3813
281.4018
281.4198
281.4350
281.4473
281.4564
281.4623
281.4649
281.4645
281.4611
281.4548
281.4458
281.4341
281.4199
281.4033
281.3844
281.3634
281.3402
281.3151
281.2882
281.2595
281.2293
281.1975
281.1644
281.1299
281.0944
281.0577
281.0202
280.9818
280.9428
280.9031
280.8630
280.8225
280.7818
280.7410
280.7001
280.6593
280.6188
280.5785
280.5387
280.4995
280.4609
280.4231
280.3862
280.3503
280.3155
280.2819
280.2497
280.2190
280.1899
280.1624
280.1367
280.1130
280.0911
280.0709
280.0523
280.0353
280.0196
280.0051
279.9919
279.9796
279.9683
279.9578
279.9479
279.9387
279.9298
279.9213
279.9130
279.9049
279.8967
279.8883
279.8797
279.8708
279.8613
279.8513
279.8405
279.8290
279.8164
279.8028
279.7880
279.7719
279.7545
279.7358
279.7157
279.6943
279.6716
279.6476
279.6222
279.5956
279.5677
279.5384
279.5079
279.4761
279.4430
279.4087
279.3730
279.3361
279.2979
279.2585
279.2178
279.1758
279.1326
279.0881
279.0424
278.9955
278.9473
278.8979
278.8473
278.7955
278.7427
278.6889
278.6342
278.5788
278.5226
278.4658
278.4086
278.3509
278.2929
278.2346
278.1762
278.1178
278.0594
278.0011
277.9431
277.8853
277.8280
277.7712
277.7149
277.6594
277.6046
277.5507
277.4977
277.4458
277.3950
277.3455
277.2973
277.2505
277.2052
277.1615
277.1195
277.0793
277.0409
277.0045
276.9701
276.9377
276.9072
276.8785
276.8517
276.8267
276.8033
276.7817
276.7617
276.7434
276.7265
276.7112
276.6974
276.6850
276.6739
276.6642
276.6558
276.6486
276.6426
276.6378
276.6341
276.6314
276.6298
276.6291
276.6294
276.6306
276.6326
276.6354
276.6389
276.6432
276.6481
276.6536
276.6597
276.6664
276.6735
276.6810
276.6890
276.6973
276.7059
276.7148
276.7239
276.7332
276.7425
276.7520
276.7615
276.7710
276.7805
276.7898
276.7990
276.8081
276.8169
276.8254
276.8336
276.8414
276.8488
276.8558
276.8623
276.8682
276.8736
276.8783
276.8823
276.8856
276.8882
276.8899
276.8909
276.8910
276.8904
276.8892
276.8872
276.8846
276.8815
276.8777
276.8735
276.8687
276.8635
276.8579
276.8519
276.8455
276.8388
276.8318
276.8246
276.8172
276.8096
276.8019
276.7940
276.7861
276.7781
276.7702
276.7623
276.7544
276.7467
276.7391
276.7317
276.7244
276.7175
276.7108
276.7044
276.6983
276.6925
276.6869
276.6815
276.6763
276.6712
276.6662
276.6612
276.6563
276.6514
276.6464
276.6414
276.6362
276.6309
276.6255
276.6198
276.6139
276.6077
276.6012
276.5944
276.5871
276.5795
276.5714
276.5629
276.5538
276.5442
276.5341
276.5233
276.5118
276.4997
276.4869
276.4733
276.4590
276.4438
276.4278
276.4109
276.3931
276.3744
276.3547
276.3342
276.3130
276.2912
276.2690
276.2464
276.2236
276.2008
276.1780
276.1553
276.1330
276.1110
276.0896
276.0689
276.0490
276.0299
276.0119
275.9951
275.9795
275.9654
275.9528
275.9418
275.9327
275.9254
275.9201
275.9170
275.9162
275.9178
275.9219
275.9287
275.9382
275.9506
275.9661
275.9847
276.0066
276.0318
276.0606
276.0929
276.1284
276.1670
276.2084
276.2523
276.2985
276.3467
276.3967
276.4482
276.5011
276.5549
276.6096
276.6647
276.7202
276.7757
276.8310
276.8858
276.9400
276.9931
277.0451
277.0956
277.1444
277.1912
277.2359
277.2781
277.3175
277.3540
277.3874
277.4172
277.4434
277.4656
277.4836
277.4972
277.5060
277.5099
277.5088
277.5028
277.4924
277.4781
277.4601
277.4390
277.4151
277.3888
277.3606
277.3307
277.2997
277.2679
277.2358
277.2037
277.1720
277.1412
277.1116
277.0837
277.0578
277.0344
277.0138
276.9965
276.9828
276.9732
276.9679
276.9666
276.9692
276.9757
276.9858
276.9993
277.0162
277.0363
277.0594
277.0854
277.1141
277.1454
277.1792
277.2152
277.2533
277.2934
277.3353
277.3788
277.4239
277.4703
277.5180
277.5667
277.6163
277.6667
277.7176
277.7691
277.8208
277.8727
277.9245
277.9763
278.0277
278.0786
278.1290
278.1785
278.2272
278.2748
278.3212
278.3664
278.4105
278.4535
278.4953
278.5361
278.5759
278.6146
278.6524
278.6892
278.7252
278.7602
278.7945
278.8279
278.8605
278.8923
278.9235
278.9539
278.9837
279.0128
279.0414
279.0693
279.0968
279.1237
279.1502
279.1762
279.2018
279.2270
279.2518
279.2763
279.3006
279.3246
279.3483
279.3718
279.3952
279.4184
279.4415
279.4644
279.4870
279.5093
279.5310
279.5523
279.5728
279.5927
279.6118
279.6299
279.6471
279.6632
279.6782
279.6919
279.7043
279.7153
279.7248
279.7328
279.7390
279.7435
279.7462
279.7469
279.7457
279.7423
279.7368
279.7289
279.7188
279.7062
279.6910
279.6733
279.6529
279.6298
279.6043
279.5764
279.5465
279.5145
279.4807
279.4453
279.4084
279.3702
279.3308
279.2905
279.2493
279.2074
279.1650
279.1223
279.0795
279.0366
278.9939
278.9515
278.9096
278.8683
278.8279
278.7884
278.7501
278.7131
278.6776
278.6436
278.6115
278.5814
278.5534
278.5276
278.5043
278.4832
278.4643
278.4476
278.4328
278.4200
278.4090
278.3998
278.3922
278.3862
278.3817
278.3786
278.3768
278.3761
278.3766
278.3782
278.3806
278.3839
278.3880
278.3927
278.3981
278.4039
278.4101
278.4166
278.4233
278.4302
278.4371
278.4440
278.4507
278.4571
278.4633
278.4690
278.4743
278.4789
278.4829
278.4862
278.4888
278.4908
278.4923
278.4932
278.4937
278.4937
278.4934
278.4927
278.4918
278.4907
278.4893
278.4879
278.4863
278.4847
278.4832
278.4816
278.4802
278.4789
278.4779
278.4770
278.4765
278.4763
278.4765
278.4771
278.4782
278.4799
278.4821
278.4849
278.4885
278.4927
278.4977
278.5035
278.5102
278.5178
278.5262
278.5356
278.5457
278.5566
278.5683
278.5806
278.5937
278.6073
278.6216
278.6364
278.6518
278.6676
278.6839
278.7006
278.7176
278.7350
278.7527
278.7707
278.7889
278.8073
278.8258
278.8445
278.8633
278.8820
278.9008
278.9196
278.9383
278.9569
278.9754
278.9937
279.0117
279.0296
279.0471
279.0643
279.0812
279.0976
279.1137
279.1292
279.1443
279.1588
279.1727
279.1860
279.1987
279.2107
279.2219
279.2324
279.2421
279.2509
279.2589
279.2659
279.2720
279.2772
279.2813
279.2843
279.2863
279.2871
279.2868
279.2852
279.2825
279.2787
279.2738
279.2680
279.2612
279.2535
279.2451
279.2359
279.2260
279.2155
279.2045
279.1929
279.1809
279.1686
279.1559
279.1430
279.1299
279.1167
279.1034
279.0901
279.0768
279.0637
279.0508
279.0381
279.0257
279.0137
279.0021
278.9910
278.9804
278.9704
278.9612
278.9526
278.9449
278.9380
278.9320
278.9270
278.9231
278.9202
278.9186
278.9181
278.9188
278.9207
278.9237
278.9276
278.9325
278.9383
278.9448
278.9520
278.9599
278.9684
278.9773
278.9867
278.9965
279.0065
279.0168
279.0273
279.0378
279.0483
279.0588
279.0691
279.0792
279.0891
279.0986
279.1077
279.1164
279.1244
279.1319
279.1387
279.1447
279.1498
279.1541
279.1574
279.1596
279.1608
279.1607
279.1594
279.1568
279.1527
279.1472
279.1402
279.1316
279.1212
279.1092
279.0953
279.0795
279.0617
279.0420
279.0204
278.9971
278.9725
278.9468
278.9201
278.8927
278.8648
278.8368
278.8087
278.7809
278.7536
278.7270
278.7014
278.6770
278.6539
278.6325
278.6131
278.5957
278.5807
278.5682
278.5586
278.5521
278.5489
278.5491
278.5528
278.5599
278.5702
278.5837
278.6002
278.6195
278.6416
278.6664
278.6937
278.7235
278.7555
278.7897
278.8260
278.8642
278.9042
278.9460
278.9893
279.0342
279.0804
279.1278
279.1763
279.2259
279.2763
279.3275
279.3793
279.4317
279.4845
279.5375
279.5908
279.6441
279.6974
279.7505
279.8032
279.8556
279.9074
279.9586
280.0090
280.0585
280.1069
280.1539
280.1994
280.2433
280.2853
280.3253
280.3631
280.3985
280.4313
280.4614
280.4885
280.5126
280.5333
280.5505
280.5641
280.5739
280.5797
280.5812
280.5786
280.5726
280.5647
280.5564
280.5490
280.5439
280.5426
280.5464
280.5568
280.5751
280.6027
280.6412
280.6911
280.7517
280.8219
280.9009
280.9875
281.0808
281.1797
281.2833
281.3906
281.5005
281.6121
281.7244
281.8363
281.9468
282.0550
282.1599
282.2603
282.3554
282.4442
282.5256
282.5986
282.6624
282.7174
282.7639
282.8024
282.8333
282.8571
282.8743
282.8853
282.8906
282.8906
282.8857
282.8766
282.8635
282.8469
282.8274
282.8053
282.7811
282.7553
282.7283
282.7006
282.6727
282.6449
282.6178
282.5918
282.5673
282.5449
282.5249
282.5078
282.4942
282.4843
282.4784
282.4763
282.4778
282.4827
282.4909
282.5020
282.5160
282.5327
282.5518
282.5733
282.5968
282.6222
282.6494
282.6781
282.7082
282.7394
282.7716
282.8046
282.8383
282.8725
282.9073
282.9425
282.9781
283.0140
283.0501
283.0863
283.1226
283.1588
283.1950
283.2310
283.2667
283.3022
283.3372
283.3717
283.4057
283.4391
283.4717
283.5036
283.5346
283.5647
283.5938
283.6217
283.6486
283.6741
283.6984
283.7213
283.7426
283.7625
283.7807
283.7973
283.8123
283.8258
283.8379
283.8487
283.8582
283.8667
283.8740
283.8805
283.8860
283.8908
283.8949
283.8984
283.9013
283.9039
283.9061
283.9080
283.9098
283.9115
283.9133
283.9151
283.9171
283.9195
283.9221
283.9250
283.9281
283.9314
283.9349
283.9384
283.9420
283.9456
283.9491
283.9525
283.9558
283.9590
283.9619
283.9645
283.9668
283.9688
283.9703
283.9714
283.9720
283.9721
283.9716
283.9704
283.9686
283.9660
283.9627
283.9585
283.9535
283.9476
283.9407
283.9329
283.9240
283.9140
283.9029
283.8906
283.8769
283.8619
283.8454
283.8273
283.8075
283.7859
283.7625
283.7370
283.7094
283.6797
283.6476
283.6132
283.5763
283.5368
283.4948
283.4505
283.4040
283.3555
283.3053
283.2535
283.2003
283.1458
283.0903
283.0340
282.9770
282.9195
282.8617
282.8037
282.7459
282.6883
282.6311
282.5746
282.5188
282.4641
282.4105
282.3583
282.3077
282.2587
282.2117
282.1668
282.1241
282.0840
282.0464
282.0117
281.9801
281.9516
281.9265
281.9050
281.8873
281.8735
281.8638
281.8585
281.8576
281.8605
281.8664
281.8742
281.8831
281.8920
281.9000
281.9061
281.9094
281.9090
281.9038
281.8929
281.8760
281.8536
281.8260
281.7940
281.7579
281.7182
281.6755
281.6303
281.5831
281.5343
281.4845
281.4342
281.3839
281.3341
281.2853
281.2380
281.1928
281.1500
281.1102
281.0733
281.0396
281.0091
280.9818
280.9579
280.9374
280.9204
280.9071
280.8974
280.8915
280.8894
280.8913
280.8972
280.9072
280.9213
280.9397
280.9625
280.9897
281.0214
281.0577
281.0986
281.1444
281.1949
281.2504
281.3109
281.3765
281.4472
281.5232
281.6046
281.6913
281.7830
281.8786
281.9773
282.0780
282.1797
282.2815
282.3823
282.4812
282.5772
282.6694
282.7566
282.8380
282.9126
282.9794
283.0373
283.0855
283.1229
283.1485
283.1614
283.1606
283.1451
283.1139
283.0661
283.0008
282.9192
282.8226
282.7125
282.5905
282.4579
282.3163
282.1671
282.0118
281.8519
281.6888
281.5241
281.3592
281.1956
281.0347
280.8781
280.7272
280.5834
280.4484
280.3235
280.2095
280.1062
280.0131
279.9298
279.8560
279.7912
279.7350
279.6871
279.6469
279.6142
279.5884
279.5693
279.5563
279.5492
279.5474
279.5506
279.5583
279.5702
279.5859
279.6049
279.6269
279.6515
279.6781
279.7065
279.7362
279.7669
279.7981
279.8293
279.8603
279.8906
279.9198
279.9475
279.9733
279.9967
280.0175
280.0351
280.0491
280.0593
280.0650
280.0661
280.0620
280.0528
280.0392
280.0216
280.0007
279.9770
279.9512
279.9237
279.8951
279.8661
279.8372
279.8090
279.7820
279.7568
279.7341
279.7143
279.6980
279.6859
279.6785
279.6764
279.6801
279.6902
279.7069
279.7301
279.7598
279.7961
279.8389
279.8881
279.9438
280.0059
280.0744
280.1493
280.2305
280.3181
280.4120
280.5122
280.6186
280.7313
280.8502
280.9748
281.0984
281.2128
281.3164
281.4093
281.4914
281.5630
281.6241
281.6748
281.7151
281.7451
281.7650
281.7748
281.7746
281.7645
281.7445
281.7148
281.6754
281.6263
281.5678
281.5000
281.4237
281.3401
281.2501
281.1550
281.0558
280.9536
280.8495
280.7445
280.6397
280.5363
280.4353
280.3377
280.2448
280.1575
280.0770
280.0043
279.9406
279.8869
279.8442
279.8137
279.7957
279.7895
279.7946
279.8105
279.8366
279.8723
279.9172
279.9705
280.0318
280.1005
280.1761
280.2579
280.3455
280.4381
280.5354
280.6368
280.7416
280.8493
280.9594
281.0712
281.1843
281.2981
281.4120
281.5254
281.6378
281.7487
281.8574
281.9634
282.0662
282.1651
282.2597
282.3493
282.4339
282.5133
282.5879
282.6577
282.7229
282.7835
282.8398
282.8917
282.9396
282.9834
283.0233
283.0594
283.0919
283.1209
283.1465
283.1688
283.1880
283.2041
283.2174
283.2280
283.2358
283.2412
283.2442
283.2450
283.2436
283.2402
283.2349
283.2279
283.2192
283.2086
283.1962
283.1819
283.1655
283.1469
283.1260
283.1029
283.0773
283.0491
283.0184
282.9849
282.9487
282.9095
282.8673
282.8221
282.7737
282.7221
282.6670
282.6086
282.5470
282.4834
282.4190
282.3549
282.2923
282.2324
282.1763
282.1251
282.0801
282.0424
282.0131
281.9920
281.9779
281.9695
281.9657
281.9651
281.9667
281.9691
281.9712
281.9717
281.9693
281.9630
281.9514
281.9333
281.9071
281.8712
281.8241
281.7642
281.6898
281.5993
281.4912
281.3639
281.2157
281.0451
280.8505
280.6303
280.3829
280.1067
279.8004
279.4672
279.1125
278.7415
278.3575
277.9634
277.5620
277.1560
276.7483
276.3416
275.9387
275.5425
275.1557
274.7810
274.4214
274.0796
273.7584
273.4608
273.1898
272.9481
272.7388
272.5647
272.4287
272.3306
272.2683
272.2397
272.2426
272.2748
272.3340
272.4182
272.5251
272.6524
272.7982
272.9600
273.1358
273.3234
273.5206
273.7251
273.9348
274.1476
274.3612
274.5736
274.7838
274.9907
275.1932
275.3903
275.5811
275.7644
275.9393
276.1047
276.2595
276.4028
276.5337
276.6522
276.7586
276.8531
276.9362
277.0080
277.0690
277.1193
277.1593
277.1893
277.2098
277.2213
277.2243
277.2195
277.2074
277.1884
277.1633
277.1324
277.0963
277.0556
277.0109
276.9626
276.9114
276.8577
276.8021
276.7452
276.6875
276.6296
276.5719
276.5151
276.4596
276.4061
276.3550
276.3070
276.2625
276.2221
276.1864
276.1559
276.1311
276.1126
276.1009
276.0966
276.1000
276.1102
276.1264
276.1478
276.1734
276.2024
276.2340
276.2671
276.3012
276.3356
276.3697
276.4031
276.4353
276.4663
276.4962
276.5251
276.5532
276.5805
276.6073
276.6337
276.6598
276.6857
276.7116
276.7376
276.7638
276.7904
276.8175
276.8452
276.8737
276.9031
276.9335
276.9651
276.9980
277.0323
277.0682
277.1058
277.1453
277.1867
277.2302
277.2759
277.3240
277.3741
277.4246
277.4740
277.5208
277.5634
277.6003
277.6299
277.6506
277.6609
277.6592
277.6440
277.6142
277.5714
277.5181
277.4568
277.3899
277.3200
277.2495
277.1810
277.1168
277.0584
277.0053
276.9568
276.9122
276.8710
276.8323
276.7957
276.7607
276.7274
276.6955
276.6653
276.6378
276.6141
276.5950
276.5817
276.5749
276.5758
276.5853
276.6044
276.6340
276.6752
276.7282
276.7921
276.8656
276.9479
277.0379
277.1344
277.2364
277.3430
277.4530
277.5654
277.6798
277.7970
277.9180
278.0435
278.1745
278.3120
278.4605
278.6248
278.8035
278.9950
279.1976
279.4096
279.6293
279.8551
280.0853
280.3181
280.5520
280.7852
281.0160
281.2428
281.4640
281.6785
281.8857
282.0848
282.2744
282.4539
282.6245
282.7860
282.9378
283.0795
283.2103
283.3298
283.4375
283.5327
283.6150
283.6837
283.7383
283.7783
283.8031
283.8122
283.8053
283.7844
283.7525
283.7125
283.6674
283.6203
283.5740
283.5317
283.4961
283.4704
283.4576
283.4605
283.4808
283.5130
283.5546
283.6048
283.6625
283.7269
283.7970
283.8728
283.9574
284.0542
284.1660
284.2953
284.4444
284.6148
284.8078
285.0222
285.2484
285.4745
285.6897
285.8885
286.0664
286.2187
286.3410
286.4301
286.4892
286.5220
286.5266
286.5082
286.4783
286.4485
286.4236
286.4065
286.4000
286.4000
286.6000
286.7000
286.8000
286.9000
287.0000
287.1000
287.2000
287.4000
287.5000
287.7000
287.9000
288.0000
288.2000
288.4000
288.6000
288.7000
288.9000
289.5000
290.1000
290.8000
291.4000
292.0000
292.5000
292.9000
293.3000
293.8000
294.0000
294.1000
294.2000
294.4000
294.6000
294.8000
294.7000
294.8000
294.8000
294.9000
294.9000
294.9000
295.3000
295.7000
296.2000
296.6000
297.0000
297.5000
298.0000
298.4000
298.8000
299.3000
299.7000
300.1000
300.6000
301.0000
301.3000
301.4000
301.6000
302.0000
302.4000
302.8000
303.0000
303.4000
303.7000
304.1000
304.5000
304.9000
305.3000
305.8000
306.2000
306.6000
307.1000
307.5000
308.0000
308.3000
308.9000
309.3000
309.7000
310.1000
310.6000
311.0000
311.3000
311.3000
311.0000
310.7000
310.5000
310.2000
310.2000
310.3000
310.4000
310.5000
310.9000
311.3000
311.8000
312.2000
312.6000
313.2000
313.7000
314.2000
314.8000
315.3000
316.2000
317.1000
317.7000
318.4000
319.1000
319.6000
320.2000
321.6000
322.3000
323.0000
324.2000
325.5000
326.4000
327.5000
329.4000
330.2000
331.4000
331.9000
333.7000
335.4000
337.1000
339.0000
340.4000
341.6000
342.5000
344.2000
345.7000
347.1000
348.9000
351.5000
353.1000
354.3000
355.7000
356.4000
357.1000
358.6000
360.7000
362.6000
363.5000
366.3000
368.4000
369.6000
