9.96921e+36
9.96921e+36
9.96921e+36
9.96921e+36
9.96921e+36
9.96921e+36
9.96921e+36
9.96921e+36
9.96921e+36
9.96921e+36
9.96921e+36
9.96921e+36
9.96921e+36
9.96921e+36
279.2159
279.2444
279.277
279.3138
279.3545
279.399
279.4472
279.4987
279.5534
279.6109
279.6707
279.7325
279.7958
279.8602
279.9251
279.9902
280.055
280.1191
280.1822
280.2438
280.3037
280.3613
280.4165
280.4688
280.5181
280.5641
280.6068
280.6462
280.6822
280.7148
280.7444
280.7709
280.7946
280.8159
280.835
280.8521
280.8677
280.882
280.8955
280.9084
280.9211
280.9341
280.9479
280.9627
280.979
280.9971
281.0172
281.0396
281.0645
281.092
281.1222
281.1552
281.1911
281.2298
281.2712
281.3155
281.3623
281.4117
281.4633
281.5172
281.5728
281.63
281.6884
281.7479
281.8079
281.8683
281.9286
281.9888
282.0484
282.1071
282.1646
282.2208
282.2752
282.3276
282.3779
282.4258
282.4712
282.5139
282.5539
282.5912
282.6257
282.6574
282.6864
282.7128
282.7366
282.7581
282.7774
282.7947
282.8102
282.8242
282.8371
282.849
282.8605
282.8718
282.8832
282.8952
282.9078
282.9216
282.9366
282.9531
282.9713
282.9915
283.0139
283.0385
283.0654
283.0947
283.1264
283.1604
283.1967
283.2349
283.275
283.3166
283.3594
283.4032
283.4476
283.4923
283.537
283.5815
283.6253
283.6683
283.7102
283.7506
283.7893
283.8261
283.8608
283.8932
283.9234
283.9513
283.9769
284.0003
284.0217
284.0414
284.0594
284.0763
284.092
284.1071
284.1215
284.1356
284.1497
284.1639
284.1785
284.1937
284.2098
284.2268
284.2449
284.2641
284.2844
284.3058
284.328
284.3509
284.3742
284.3976
284.4207
284.4431
284.4645
284.4846
284.5028
284.519
284.5327
284.5438
284.5517
284.5562
284.5571
284.554
284.5468
284.5352
284.5195
284.4994
284.4751
284.4467
284.4144
284.3785
284.3394
284.2973
284.2527
284.2058
284.1572
284.1073
284.0564
284.005
283.9537
283.9029
283.853
283.8047
283.7582
283.7141
283.6725
283.6339
283.5984
283.5661
283.5374
283.5122
283.4906
283.4726
283.4583
283.4475
283.4403
283.4365
283.436
283.4386
283.4441
283.4523
283.463
283.4758
283.4907
283.5072
283.5254
283.5449
283.5657
283.5875
283.6104
283.634
283.6584
283.6835
283.7092
283.7352
283.7616
283.7882
283.8148
283.8413
283.8676
283.8936
283.9189
283.9435
283.9672
283.9897
284.0108
284.0302
284.0475
284.0626
284.0749
284.0842
284.09
284.092
284.0899
284.0834
284.0723
284.0565
284.0357
284.01
283.9793
283.9437
283.9031
283.8578
283.808
283.7538
283.6956
283.6339
283.569
283.5016
283.4323
283.3618
283.2906
283.2198
283.1498
283.0815
283.0154
282.9521
282.8923
282.8365
282.7852
282.7391
282.6986
282.6641
282.6359
282.6143
282.5994
282.5912
282.5897
282.5948
282.6061
282.6234
282.6463
282.6743
282.7068
282.7436
282.7839
282.8273
282.8731
282.9208
282.9698
283.0193
283.0686
283.1172
283.1644
283.2098
283.2529
283.2934
283.331
283.3654
283.3966
283.4244
283.4488
283.4698
283.4874
283.5018
283.5132
283.5215
283.5272
283.5304
283.5315
283.5307
283.5286
283.5254
283.5215
283.5172
283.5127
283.5084
283.5045
283.5011
283.4985
283.4969
283.4963
283.4969
283.4988
283.5019
283.5064
283.5121
283.519
283.527
283.536
283.5458
283.5562
283.567
283.578
283.5889
283.5995
283.6095
283.6186
283.6266
283.6331
283.6378
283.6404
283.6406
283.6381
283.6327
283.6242
283.6123
283.5971
283.5784
283.5562
283.5303
283.5009
283.468
283.4316
283.3921
283.3494
283.304
283.256
283.2058
283.1538
283.1005
283.0464
282.9918
282.9373
282.8834
282.8304
282.7787
282.7289
282.6812
282.6361
282.594
282.5551
282.52
282.4887
282.4615
282.4385
282.4198
282.4054
282.3953
282.3893
282.3873
282.3891
282.3944
282.403
282.4146
282.4289
282.4455
282.4642
282.4845
282.5061
282.5286
282.5516
282.5746
282.5973
282.6193
282.6406
282.6607
282.6795
282.697
282.7129
282.7272
282.7398
282.7509
282.7603
282.7682
282.7746
282.7797
282.7835
282.7863
282.7883
282.7896
282.7906
282.7914
282.7923
282.7936
282.7954
282.798
282.8016
282.8062
282.8123
282.8198
282.8289
282.8399
282.8527
282.8674
282.8839
282.9021
282.9221
282.9435
282.9661
282.9898
283.0141
283.0387
283.0632
283.0872
283.1102
283.1317
283.151
283.1676
283.1807
283.1897
283.1938
283.1924
283.1848
283.1705
283.1492
283.1205
283.0842
283.0402
282.9883
282.9288
282.8616
282.787
282.7055
282.6175
282.5237
282.4249
282.322
282.216
282.1082
281.9999
281.8925
281.7875
281.6862
281.5897
281.4993
281.4159
281.3405
281.2741
281.2174
281.1712
281.1362
281.1127
281.1011
281.1013
281.1133
281.1364
281.1701
281.2136
281.2658
281.3254
281.3908
281.4607
281.5336
281.608
281.6826
281.7559
281.8268
281.8937
281.9555
282.0109
282.0586
282.0976
282.1271
282.1466
282.1558
282.1546
282.1434
282.1225
282.0927
282.0548
282.0102
281.96
281.9055
281.8479
281.7885
281.7288
281.67
281.6135
281.5608
281.5134
281.4727
281.4402
281.4167
281.4034
281.4007
281.4093
281.4292
281.4606
281.5034
281.557
281.6209
281.6946
281.7771
281.8677
281.9655
282.0692
282.178
282.2905
282.4054
282.5213
282.6367
282.7501
282.8604
282.9662
283.0667
283.1607
283.2476
283.3265
283.397
283.4584
283.5104
283.5527
283.5851
283.6077
283.6203
283.6232
283.6167
283.6011
283.5769
283.5449
283.5056
283.4598
283.4082
283.3516
283.2906
283.2259
283.1583
283.0885
283.0171
282.9448
282.8725
282.8007
282.73
282.6609
282.594
282.5296
282.468
282.4095
282.3544
282.3027
282.2546
282.2102
282.1694
282.132
282.0981
282.0671
282.039
282.0133
281.9896
281.9673
281.9459
281.9249
281.9037
281.8817
281.8586
281.8337
281.8067
281.7772
281.7446
281.7086
281.6688
281.6249
281.5767
281.524
281.4668
281.4051
281.3391
281.269
281.1951
281.1177
281.0374
280.9547
280.8699
280.7838
280.6967
280.6093
280.5221
280.4356
280.3506
280.2676
280.1873
280.1103
280.0369
279.9678
279.9032
279.8435
279.7888
279.7394
279.6954
279.6567
279.6234
279.5953
279.5724
279.5544
279.5411
279.5323
279.5275
279.5265
279.5288
279.5339
279.5413
279.5504
279.5608
279.5719
279.5834
279.5948
279.6057
279.6157
279.6243
279.6313
279.6363
279.6389
279.6389
279.6361
279.6302
279.6212
279.6088
279.5931
279.5739
279.5514
279.5255
279.4962
279.4637
279.4281
279.3895
279.348
279.3038
279.2571
279.2081
279.157
279.1041
279.0497
278.9939
278.9372
278.8798
278.8221
278.7642
278.7067
278.6499
278.5941
278.5397
278.4872
278.4368
278.389
278.3441
278.3025
278.2645
278.2305
278.2007
278.1756
278.1555
278.1406
278.1312
278.1275
278.1296
278.1378
278.1522
278.1726
278.1993
278.2321
278.2709
278.3158
278.3665
278.423
278.485
278.5524
278.625
278.7025
278.7846
278.8711
278.9616
279.0556
279.1529
279.2529
279.3551
279.459
279.5639
279.6692
279.7741
279.878
279.9799
280.0791
280.1746
280.2657
280.3513
280.4305
280.5025
280.5661
280.6204
280.6643
280.6967
280.7167
280.7237
280.7169
280.6961
280.6612
280.612
280.5488
280.4719
280.3819
280.2795
280.1657
280.0415
279.9084
279.7678
279.6215
279.4715
279.3199
279.1692
279.022
278.8812
278.7493
278.6288
278.5221
278.4311
278.3576
278.3034
278.2699
278.2584
278.2699
278.3054
278.3653
278.4499
278.5587
278.6912
278.8461
279.022
279.217
279.4287
279.6544
279.8909
280.1351
280.384
280.6346
280.884
281.1294
281.3678
281.5966
281.8131
282.0144
282.198
282.3617
282.5037
282.6227
282.7179
282.7889
282.8359
282.8594
282.8605
282.8407
282.8018
282.7458
282.675
282.5915
282.4976
282.3955
282.2879
282.1773
282.0663
281.9577
281.8544
281.7589
281.6734
281.5996
281.5389
281.4923
281.4604
281.4436
281.4418
281.4545
281.4809
281.5201
281.5711
281.6328
281.7041
281.7836
281.8699
281.9615
282.0569
282.1542
282.2516
282.3477
282.4411
282.5307
282.6159
282.6961
282.7712
282.8411
282.9062
282.9671
283.0246
283.0796
283.1329
283.1857
283.2389
283.2935
283.3507
283.4117
283.4777
283.5498
283.6296
283.718
283.816
283.9244
284.0435
284.1737
284.3151
284.4676
284.6307
284.8041
284.987
285.1785
285.3778
285.5841
285.7961
286.0131
286.2336
286.4566
286.6808
286.9047
287.1269
287.3462
287.5612
287.7711
287.9749
288.1717
288.361
288.5423
288.7151
288.8792
9.96921e+36
9.96921e+36
9.96921e+36
9.96921e+36
9.96921e+36
9.96921e+36
9.96921e+36
9.96921e+36
9.96921e+36
9.96921e+36
9.96921e+36
9.96921e+36
9.96921e+36
9.96921e+36
9.96921e+36
