9.96921e+36
9.96921e+36
9.96921e+36
9.96921e+36
9.96921e+36
9.96921e+36
9.96921e+36
9.96921e+36
9.96921e+36
9.96921e+36
9.96921e+36
9.96921e+36
9.96921e+36
9.96921e+36
279.1779
279.172
279.1658
279.1594
279.1528
279.1464
279.1401
279.1344
279.1293
279.1252
279.1225
279.1213
279.1222
279.1254
279.1312
279.1399
279.1516
279.1664
279.1844
279.2058
279.2304
279.2583
279.2892
279.3231
279.3597
279.3986
279.4395
279.4818
279.525
279.5684
279.6113
279.6528
279.6921
279.7284
279.7608
279.7888
279.8116
279.8289
279.8401
279.8448
279.8427
279.8335
279.8172
279.7937
279.763
279.7256
279.6817
279.632
279.5773
279.5185
279.4565
279.3926
279.3283
279.2647
279.2032
279.1451
279.0915
279.0435
279.0022
278.9687
278.9441
278.9292
278.9252
278.9326
278.9521
278.984
279.0286
279.0857
279.1553
279.2368
279.3297
279.4331
279.5462
279.6678
279.7969
279.9323
280.0729
280.2175
280.3648
280.5134
280.6619
280.809
280.9531
281.0928
281.227
281.3546
281.4746
281.5863
281.689
281.7823
281.8658
281.9393
282.0027
282.0561
282.0995
282.1333
282.1577
282.1734
282.1808
282.1808
282.1741
282.1616
282.1444
282.1236
282.1002
282.075
282.049
282.0233
281.9984
281.9755
281.9553
281.9386
281.9261
281.9186
281.9167
281.9209
281.9315
281.9489
281.9732
282.0047
282.0432
282.0888
282.1412
282.2003
282.2657
282.337
282.4138
282.4956
282.5818
282.6718
282.7648
282.8599
282.9563
283.0532
283.1497
283.2451
283.3385
283.4293
283.5167
283.6002
283.679
283.7525
283.8202
283.8816
283.9362
283.9838
284.0243
284.0575
284.0834
284.1023
284.1143
284.1197
284.119
284.1126
284.1011
284.0849
284.0645
284.0405
284.0134
283.9838
283.9524
283.9197
283.8864
283.8531
283.8204
283.7885
283.7579
283.7288
283.7013
283.6755
283.6513
283.6288
283.6077
283.5878
283.5689
283.5508
283.5333
283.516
283.4987
283.481
283.4628
283.4435
283.4229
283.4006
283.3764
283.3502
283.3217
283.291
283.2581
283.223
283.1859
283.1469
283.1063
283.0644
283.0215
282.9777
282.9335
282.889
282.8447
282.8008
282.7577
282.7156
282.675
282.6361
282.5991
282.5644
282.5319
282.5018
282.4741
282.4488
282.4259
282.4051
282.3864
282.3696
282.3546
282.341
282.3289
282.3181
282.3083
282.2995
282.2916
282.2843
282.2776
282.2714
282.2657
282.2605
282.2558
282.252
282.2491
282.2476
282.2476
282.2497
282.2542
282.2616
282.2724
282.2868
282.3051
282.3278
282.3549
282.3869
282.4238
282.4658
282.5131
282.5656
282.6234
282.6864
282.7542
282.8266
282.9033
282.9836
283.0671
283.153
283.2406
283.3292
283.418
283.5063
283.5935
283.6787
283.7613
283.8406
283.916
283.9868
284.0524
284.1121
284.1655
284.2123
284.2521
284.2849
284.3105
284.3289
284.3403
284.345
284.3432
284.3352
284.3215
284.3026
284.2788
284.2508
284.2191
284.1842
284.147
284.108
284.0681
284.0278
283.988
283.9491
283.9117
283.8762
283.8431
283.8127
283.7853
283.7611
283.7405
283.7234
283.71
283.7003
283.6942
283.6917
283.6924
283.6963
283.7029
283.7119
283.7228
283.7353
283.7488
283.7629
283.7771
283.7909
283.8037
283.8152
283.8247
283.8317
283.8355
283.8358
283.8321
283.8239
283.811
283.7931
283.77
283.7416
283.7077
283.6684
283.6236
283.5736
283.5185
283.4584
283.3939
283.3252
283.2529
283.1775
283.0995
283.0199
282.9392
282.8584
282.778
282.6989
282.6217
282.5471
282.4758
282.4084
282.3456
282.288
282.2361
282.1906
282.1517
282.1199
282.0954
282.0783
282.0687
282.0666
282.0718
282.0841
282.1032
282.1289
282.1606
282.1981
282.2408
282.2882
282.3398
282.395
282.4531
282.5136
282.5756
282.6385
282.7018
282.7648
282.827
282.888
282.9473
283.0048
283.0599
283.1125
283.1624
283.2095
283.2535
283.2945
283.3323
283.3671
283.3987
283.4274
283.4532
283.4763
283.4969
283.5151
283.5312
283.5453
283.5577
283.5683
283.5775
283.5852
283.5916
283.5968
283.6009
283.604
283.6062
283.6076
283.6082
283.6082
283.6075
283.6063
283.6047
283.6027
283.6004
283.5979
283.5952
283.5924
283.5897
283.5871
283.5847
283.5826
283.581
283.5799
283.5795
283.5798
283.5811
283.5832
283.5863
283.5903
283.5952
283.601
283.6076
283.6149
283.6228
283.631
283.6395
283.648
283.6562
283.664
283.6708
283.6765
283.6805
283.6825
283.682
283.6786
283.6719
283.6616
283.6473
283.6288
283.606
283.5786
283.5464
283.5095
283.4677
283.421
283.3695
283.3134
283.253
283.1884
283.12
283.0483
282.9739
282.8973
282.8192
282.7401
282.6608
282.5818
282.5038
282.4273
282.3528
282.2809
282.2122
282.147
282.086
282.0294
281.9778
281.9311
281.8896
281.8534
281.8223
281.7963
281.7751
281.7584
281.7457
281.7368
281.731
281.7281
281.7274
281.7284
281.7308
281.7338
281.737
281.7398
281.7415
281.7416
281.7397
281.7353
281.7281
281.7179
281.7044
281.6877
281.6675
281.644
281.6172
281.5873
281.5544
281.5188
281.4808
281.4406
281.3986
281.3553
281.311
281.2663
281.2218
281.1779
281.1352
281.0942
281.0553
281.0189
280.9855
280.9555
280.9293
280.9072
280.8896
280.8768
280.869
280.8664
280.8692
280.8775
280.8913
280.9106
280.9353
280.9653
281.0005
281.0408
281.0858
281.1353
281.1892
281.247
281.3085
281.3734
281.4412
281.5115
281.584
281.6581
281.7335
281.8096
281.8861
281.9625
282.0384
282.1133
282.1867
282.2582
282.3274
282.3937
282.4567
282.5161
282.5715
282.6226
282.6689
282.7103
282.7464
282.777
282.8019
282.8209
282.8338
282.8405
282.8411
282.8356
282.824
282.8064
282.7831
282.7542
282.72
282.6808
282.637
282.5889
282.5367
282.481
282.4221
282.3604
282.2964
282.2305
282.1633
282.0952
282.0268
281.9583
281.8903
281.8232
281.7573
281.693
281.6307
281.5707
281.5134
281.4589
281.4076
281.3596
281.3152
281.2744
281.2372
281.2038
281.174
281.1479
281.1253
281.1062
281.0903
281.0776
281.0677
281.0604
281.0556
281.0528
281.0518
281.0523
281.0537
281.0558
281.0583
281.0607
281.0628
281.0642
281.0647
281.0639
281.0616
281.0576
281.0517
281.0435
281.033
281.02
281.0045
280.9866
280.9662
280.9433
280.9182
280.8911
280.862
280.8314
280.7994
280.7665
280.7329
280.6991
280.6654
280.6324
280.6006
280.5705
280.5427
280.5178
280.4961
280.4782
280.4644
280.4551
280.4505
280.4509
280.4564
280.4673
280.4835
280.5052
280.5322
280.5643
280.6014
280.6432
280.6891
280.7387
280.7914
280.8466
280.9035
280.9613
281.0193
281.0769
281.1333
281.1879
281.2401
281.2891
281.3343
281.3752
281.4112
281.4417
281.4663
281.4848
281.4969
281.5025
281.5017
281.4945
281.4812
281.462
281.4373
281.4077
281.3734
281.3351
281.2931
281.2482
281.2008
281.1515
281.1011
281.0502
280.9995
280.9496
280.9011
280.8545
280.8103
280.7688
280.7302
280.6949
280.6629
280.6343
280.6092
280.5875
280.5691
280.554
280.5419
280.5328
280.5264
280.5224
280.5206
280.5205
280.5218
280.5242
280.5273
280.5308
280.5344
280.538
280.5414
280.5443
280.5466
280.5482
280.549
280.5489
280.5479
280.5461
280.5432
280.5396
280.535
280.5298
280.5239
280.5174
280.5106
280.5035
280.4964
280.4893
280.4825
280.4759
280.4698
280.4644
280.4596
280.4557
280.4528
280.4509
280.4502
280.4508
280.4527
280.4561
280.4608
280.4671
280.4749
280.4842
280.495
280.5073
280.521
280.5363
280.5529
280.5709
280.5902
280.6107
280.6324
280.6552
280.679
280.7036
280.729
280.755
280.7815
280.8083
280.8353
280.8624
280.8892
280.9157
280.9416
280.9668
280.9909
281.0138
281.0353
281.0552
281.0732
281.0891
281.1027
281.1138
281.122
281.1273
281.1294
281.1281
281.1234
281.1151
281.1031
281.0874
281.068
281.0448
281.0179
280.9872
280.953
280.9153
280.8741
280.8297
280.7822
280.7318
280.6787
280.6232
280.5656
280.5061
280.4451
280.3828
280.3197
280.2561
280.1924
280.1288
280.066
280.0044
279.9442
279.8862
279.8306
279.778
279.7287
279.6832
279.6419
279.6053
279.5737
279.5475
279.5273
279.5132
279.5056
279.5048
279.5107
279.5236
279.5434
279.57
279.6032
279.643
279.689
279.7409
279.7982
279.8606
279.9275
279.9984
280.0725
280.1493
280.228
280.3077
280.3875
280.4667
280.5445
280.6202
280.6933
280.7633
280.8297
280.8923
280.9507
281.0047
281.0543
281.0994
281.1401
281.1769
281.2102
281.2405
281.2686
281.2954
281.322
281.3496
281.3794
281.4129
281.4511
281.4953
281.5464
281.6057
281.6738
281.7518
281.8405
281.9406
282.0529
282.1778
282.3157
282.4665
282.6303
282.8067
282.9951
283.1948
283.4049
283.6242
283.8514
284.085
284.3237
284.5659
284.8102
285.0552
285.2991
285.5406
285.7778
286.0091
286.2328
286.4474
286.6515
286.8439
287.0234
287.1893
287.3409
287.4775
287.5989
287.7047
287.795
287.8699
287.9296
287.9745
288.0053
288.0226
288.0275
288.021
288.0043
287.979
9.96921e+36
9.96921e+36
9.96921e+36
9.96921e+36
9.96921e+36
9.96921e+36
9.96921e+36
9.96921e+36
9.96921e+36
9.96921e+36
9.96921e+36
9.96921e+36
9.96921e+36
9.96921e+36
9.96921e+36
