0.02358491
0.04716982
0.07547171
0.1037736
0.1367925
0.1698113
0.2075472
0.245283
0.2830189
0.3207547
0.3632076
0.4103774
0.4575472
0.504717
0.5566038
0.6132076
0.6698114
0.7311321
0.7971699
0.8632076
0.9339623
1.009434
1.089623
1.174528
1.254717
1.344339
1.433962
1.523585
1.617924
1.716981
1.830188
1.943396
2.066037
2.193396
2.325471
2.457547
2.589622
2.731132
2.886792
3.042453
3.212264
3.386792
3.561321
3.735849
3.915094
4.10849
4.306603
4.514151
4.735849
4.976415
5.226415
5.485849
5.754717
6.04717
6.339622
6.650943
6.985849
7.353774
7.707547
8.080189
8.466981
8.863207
9.278301
9.721698
10.12264
10.51887
10.9434
11.39623
11.83962
12.2217
12.66038
13.03774
13.43868
13.89623
14.34906
14.81132
15.27359
15.77359
16.2783
16.82076
17.31604
17.75944
18.16038
18.58019
19.03774
19.52359
20.05661
20.62736
21.1651
21.72642
22.33962
22.96698
23.59906
24.25472
24.90566
25.45284
26.03774
26.6934
27.3868
28.05661
28.82548
29.66038
30.50944
31.37736
32.25944
33.2217
34.25
35.32076
36.41982
37.57548
38.78774
40.00472
41.27359
42.6085
44.01888
45.49529
47.04718
48.64623
50.3302
52.11322
54.02359
56.00944
58.07076
60.24529
62.42454
64.58963
66.88208
69.24529
71.6368
74.16038
76.65566
79.07547
81.47169
83.85849
86.33018
88.87736
91.50471
94.19811
96.99056
99.84434
102.6981
105.5849
108.4434
111.2972
114.1981
117.1604
120.1887
123.2689
126.3585
129.4387
132.5991
135.8349
139.118
142.5755
146.2029
149.967
153.868
157.8444
161.9481
166.0047
170.2595
174.684
179.1793
183.7123
188.2831
192.8491
197.4434
202.0991
