0.7000045
0.7000045
0.7000064
0.7000064
0.7000087
0.7000087
0.7000114
0.7000114
0.7000114
0.7000114
0.7000144
0.7000179
0.7000179
0.7000179
0.7000216
0.7000257
0.7000257
0.7000301
0.700035
0.700035
0.7000402
0.7000457
0.7000516
0.7000579
0.7000516
0.7000644
0.7000644
0.7000644
0.7000714
0.7000787
0.7001029
0.7001029
0.7001207
0.7001302
0.70014
0.70014
0.70014
0.7001607
0.7001944
0.7001944
0.7002314
0.7002444
0.7002444
0.7002444
0.7002578
0.7003001
0.7003149
0.7003456
0.7003943
0.7004643
0.7005014
0.7005399
0.7005799
0.7006861
0.7006861
0.7007774
0.7008996
0.7010856
0.7010037
0.7011136
0.7011997
0.7012588
0.7013814
0.7015761
0.701289
0.7012588
0.7014449
0.7016438
0.7015761
0.7011706
0.7015427
0.7011419
0.701289
0.7016782
0.7016438
0.7017129
0.7017129
0.7020035
0.7020414
0.7023576
0.701966
0.7015761
0.701289
0.701413
0.7016782
0.7018919
0.7022765
0.7026096
0.7023169
0.7025242
0.7030113
0.7031516
0.7031991
0.7034417
0.7033925
0.7023987
0.7027403
0.7034417
0.7038481
0.7035915
0.7047285
0.7055723
0.705762
0.7060198
0.7062168
0.7073924
0.7084356
0.7091419
0.7096282
0.7106379
0.7116967
0.7117872
0.7128045
0.7141584
0.7157864
0.7172811
0.719069
0.7202293
0.7224003
0.7250662
0.7287017
0.7309653
0.7333091
0.7369737
0.7371302
0.7366616
0.7409784
0.7434717
0.7444879
0.7493706
0.7483049
0.7455148
0.7446583
0.7443178
0.7474249
0.7502666
0.7533672
0.755983
0.7600105
0.7625656
0.7625656
0.7639607
0.762764
0.7625656
0.7645628
0.7672001
0.7700915
0.7724003
0.7728236
0.7724003
0.7760316
0.7795184
0.7817314
0.7901406
0.798649
0.8057301
0.8130081
0.817106
0.824151
0.821523
0.832707
0.8425918
0.8467894
0.8490466
0.8513168
0.8510323
0.852742
0.8564708
