0.3490566
0.6981132
1.056604
1.415094
1.778302
2.146226
2.518868
2.896226
3.273585
3.65566
4.028302
4.400943
4.768868
5.136793
5.509434
5.886793
6.264151
6.64151
7.023585
7.40566
7.825471
8.264151
8.716981
9.183962
9.65566
10.14151
10.63208
11.12736
11.63208
12.14623
12.67453
13.20755
13.75472
14.31132
14.87736
15.44811
16.01887
16.60377
17.20283
17.8066
18.43868
19.08962
19.74528
20.40566
21.07547
21.76415
22.46226
23.17453
23.90566
24.65566
25.43396
26.23585
27.0566
27.90566
28.76415
29.64623
30.5566
31.50472
32.43868
33.39622
34.35377
35.32075
36.30188
37.3066
38.25943
39.20283
40.16981
41.16509
42.15094
43.07547
44.08019
45.03773
46.0283
47.08019
48.13208
49.19811
50.26415
51.37264
52.48585
53.63679
54.76887
55.86792
56.93396
58.03302
59.17924
60.36321
61.60378
62.8868
64.1368
65.4151
66.75472
68.12265
69.49058
70.87737
72.25473
73.5236
74.82549
76.19341
77.59436
78.95757
80.45757
82.04719
83.66039
85.30662
86.97643
88.74058
90.58492
92.48586
94.42926
96.4387
98.4387
100.4151
102.4246
104.4717
106.5708
108.717
110.9198
113.1557
115.4764
117.901
120.434
123.0236
125.6746
128.4246
131.1604
133.868
136.6934
139.5802
142.4765
145.4906
148.5
151.4387
154.3585
157.2878
160.3208
163.434
166.6463
169.9434
173.3491
176.8255
180.3019
183.816
187.3113
190.8019
194.3349
197.9245
201.5708
205.4906
209.1604
212.8066
216.5896
220.3821
224.2972
228.4104
232.6698
237.0047
241.4953
245.9764
250.6132
255.4104
260.3349
265.401
270.651
275.9104
281.2359
286.5661
291.7736
297.0849
