0.231135
0.4622701
0.6934064
0.9245428
1.155681
1.386818
1.617958
1.849098
2.080237
2.311377
2.542519
2.773663
3.004806
3.23595
3.467097
3.698246
3.929395
4.160547
4.391702
4.622857
4.854016
5.085178
5.316344
5.547514
5.77868
6.009855
6.24103
6.472205
6.703384
6.934568
7.165768
7.396968
7.62818
7.859398
8.090623
8.321847
8.553072
8.78431
9.015571
9.246831
9.478116
9.70941
9.940704
10.172
10.4033
10.63463
10.86597
11.09733
11.32872
11.56016
11.79163
12.02311
12.25463
12.48621
12.7178
12.94945
13.18117
13.41302
13.64482
13.87669
14.10861
14.34057
14.57262
14.80479
15.03678
15.26874
15.50083
15.73305
15.96522
16.19713
16.42928
16.66117
16.89315
17.12539
17.35761
17.58988
17.82214
18.0546
18.28708
18.51977
18.7522
18.98438
19.21636
19.44843
19.68067
19.91305
20.14569
20.37855
20.61121
20.84402
21.07714
21.31036
21.54361
21.77702
22.0104
22.24312
22.47606
22.70947
22.94315
23.17666
23.41093
23.64576
23.88071
24.11583
24.35109
24.58713
24.82386
25.06107
25.2986
25.53682
25.77574
26.01472
26.25438
26.49496
26.73664
26.97932
27.22322
27.4679
27.71406
27.96204
28.21252
28.46455
28.7182
28.9744
29.2307
29.48668
29.74566
30.00639
30.26784
30.53272
30.79685
31.05902
31.32059
31.58191
31.84542
32.11094
32.37866
32.64824
32.9207
33.19499
33.46929
33.74459
34.01903
34.29332
34.56905
34.84669
35.12643
35.40784
35.68957
35.97099
36.25506
36.54169
36.82994
37.12444
37.4253
37.73153
38.04331
38.35825
38.67863
38.99698
39.32406
39.65894
39.99717
40.33721
40.67907
41.0207
41.3637
41.70972
